1695592289525 1.6014 0
1695592289598 1.5973 10
1695592289668 1.599 20
1695592289737 1.5924 30
1695592289808 1.5852 40
1695592289878 1.5761 50
1695592289947 1.5713 60
1695592290014 1.56 70
1695592290082 1.554 80
1695592290151 1.5464 90
1695592290220 1.536 100
1695592290288 1.5274 110
1695592290357 1.5166 120
1695592290429 1.5138 130
1695592290498 1.5068 140
1695592290566 1.5011 150
1695592290635 1.4997 160
1695592290701 1.4852 170
1695592290768 1.4824 180
1695592290836 1.4815 190
1695592290905 1.4781 200
1695592290972 1.4722 210
1695592291040 1.4669 220
1695592291108 1.4658 230
1695592291176 1.4674 240
1695592292170 1.4674 0
1695592292190 1.4583 250
1695592292259 1.4619 260
1695592292328 1.4634 270
1695592292397 1.4569 280
1695592292466 1.4505 290
1695592292536 1.4534 300
1695592292605 1.4657 310
1695592292674 1.4548 320
1695592292743 1.4563 330
1695592292815 1.4509 340
1695592292883 1.4551 350
1695592292951 1.4484 360
1695592293020 1.4557 370
1695592293088 1.4463 380
1695592293155 1.4544 390
1695592293223 1.445 400
1695592293291 1.4547 410
1695592293359 1.4497 420
1695592293426 1.4495 430
1695592293495 1.4456 440
1695592293563 1.4518 450
1695592293631 1.4521 460
1695592293698 1.4503 470
1695592293767 1.457 480
1695592293836 1.4378 490
1695592294852 1.4378 0
1695592294873 1.4517 500
1695592294941 1.4532 510
1695592295009 1.4545 520
1695592295080 1.442 530
1695592295146 1.4487 540
1695592295213 1.443 550
1695592295280 1.4486 560
1695592295346 1.451 570
1695592295413 1.4458 580
1695592295481 1.4502 590
1695592295551 1.4476 600
1695592295618 1.4446 610
1695592295686 1.451 620
1695592295755 1.4507 630
1695592295824 1.4522 640
1695592295892 1.4524 650
1695592295958 1.4443 660
1695592296028 1.4439 670
1695592296096 1.4448 680
1695592296164 1.4451 690
1695592296232 1.4494 700
1695592296299 1.446 710
1695592296368 1.444 720
1695592296436 1.4481 730
1695592296505 1.451 740
1695592297495 1.451 0
1695592297514 1.443 750
1695592297582 1.4549 760
1695592297650 1.4502 770
1695592297716 1.453 780
1695592297783 1.45 790
1695592297851 1.4478 800
1695592297919 1.4492 810
1695592297988 1.4483 820
1695592298059 1.446 830
1695592298128 1.4543 840
1695592298197 1.4527 850
1695592298266 1.4515 860
1695592298336 1.4505 870
1695592298404 1.4531 880
1695592298473 1.4482 890
1695592298542 1.4506 900
1695592298610 1.4549 910
1695592298678 1.4572 920
1695592298750 1.454 930
1695592298819 1.4391 940
1695592298888 1.4489 950
1695592298957 1.4549 960
1695592299025 1.4431 970
1695592299094 1.451 980
1695592299166 1.4491 990
1695592300177 1.4491 0
1695592300195 1.4448 1000
1695592300264 1.4421 1010
1695592300333 1.4489 1020
1695592300401 1.4483 1030
1695592300468 1.4508 1040
1695592300534 1.4464 1050
1695592300602 1.4507 1060
1695592300670 1.439 1070
1695592300738 1.4522 1080
1695592300806 1.4514 1090
1695592300873 1.4417 1100
1695592300940 1.4488 1110
1695592301006 1.452 1120
1695592301075 1.4473 1130
1695592301144 1.4434 1140
1695592301211 1.4505 1150
1695592301277 1.4562 1160
1695592301344 1.446 1170
1695592301411 1.4524 1180
1695592301480 1.4529 1190
1695592301547 1.457 1200
1695592301613 1.4418 1210
1695592301680 1.4447 1220
1695592301748 1.4509 1230
1695592301815 1.4453 1240
1695592302810 1.4453 0
1695592302830 1.444 1250
1695592302897 1.4508 1260
1695592302964 1.4509 1270
1695592303033 1.4448 1280
1695592303103 1.444 1290
1695592303170 1.4392 1300
1695592303238 1.4507 1310
1695592303307 1.4593 1320
1695592303374 1.446 1330
1695592303441 1.4443 1340
1695592303510 1.4488 1350
1695592303577 1.4526 1360
1695592303643 1.4502 1370
1695592303711 1.444 1380
1695592303778 1.4343 1390
1695592303848 1.4394 1400
1695592303918 1.4489 1410
1695592303986 1.4472 1420
1695592304053 1.4519 1430
1695592304123 1.4495 1440
1695592304193 1.4537 1450
1695592304261 1.4582 1460
1695592304330 1.4415 1470
1695592304398 1.4433 1480
1695592304467 1.4514 1490
1695592305461 1.4524 1500
1695592305529 1.4498 1510
1695592305597 1.4517 1520
1695592305668 1.4515 1530
1695592305735 1.4466 1540
1695592305803 1.4454 1550
1695592305870 1.4393 1560
1695592305937 1.4459 1570
1695592306004 1.4479 1580
1695592306071 1.4594 1590
1695592306139 1.4514 1600
1695592306206 1.4483 1610
1695592306274 1.4449 1620
1695592306340 1.447 1630
1695592306407 1.4494 1640
1695592306474 1.4569 1650
1695592306542 1.4465 1660
1695592306609 1.4453 1670
1695592306678 1.4513 1680
1695592306746 1.4499 1690
1695592306815 1.4546 1700
1695592306882 1.445 1710
1695592306949 1.4453 1720
1695592307016 1.4466 1730
1695592307083 1.453 1740
1695592308088 1.453 0
1695592308107 1.4486 1750
1695592308176 1.4495 1760
1695592308245 1.4513 1770
1695592308314 1.4497 1780
1695592308383 1.4504 1790
1695592308452 1.4534 1800
1695592308521 1.4503 1810
1695592308590 1.4524 1820
1695592308659 1.4496 1830
1695592308726 1.4413 1840
1695592308793 1.4494 1850
1695592308862 1.4455 1860
1695592308929 1.4508 1870
1695592308996 1.4486 1880
1695592309064 1.4386 1890
1695592309130 1.4491 1900
1695592309198 1.4471 1910
1695592309266 1.45 1920
1695592309333 1.4538 1930
1695592309401 1.4456 1940
1695592309468 1.4467 1950
1695592309535 1.4505 1960
1695592309603 1.4534 1970
1695592309671 1.4484 1980
1695592309738 1.4476 1990
1695592310737 1.4476 0
1695592310759 1.4457 2000
1695592310833 1.4478 2010
1695592310900 1.4477 2020
1695592310967 1.44 2030
1695592311036 1.4519 2040
1695592311104 1.4453 2050
1695592311171 1.4468 2060
1695592311238 1.4433 2070
1695592311307 1.4437 2080
1695592311375 1.4498 2090
1695592311443 1.4494 2100
1695592311510 1.4517 2110
1695592311577 1.4511 2120
1695592311646 1.4526 2130
1695592311713 1.436 2140
1695592311781 1.444 2150
1695592311850 1.4488 2160
1695592311917 1.4419 2170
1695592311984 1.4482 2180
1695592312051 1.4416 2190
1695592312119 1.4452 2200
1695592312187 1.4437 2210
1695592312254 1.4534 2220
1695592312321 1.4439 2230
1695592312388 1.4506 2240
1695592313374 1.4506 0
1695592313396 1.4425 2250
1695592313464 1.4506 2260
1695592313532 1.4506 2270
1695592313600 1.4518 2280
1695592313668 1.444 2290
1695592313735 1.439 2300
1695592313802 1.4515 2310
1695592313871 1.4423 2320
1695592313938 1.4414 2330
1695592314010 1.4527 2340
1695592314076 1.4462 2350
1695592314145 1.4563 2360
1695592314214 1.4463 2370
1695592314282 1.4474 2380
1695592314351 1.4452 2390
1695592314420 1.4485 2400
1695592314489 1.4434 2410
1695592314557 1.4484 2420
1695592314626 1.4479 2430
1695592314695 1.4463 2440
1695592314763 1.4472 2450
1695592314832 1.4489 2460
1695592314902 1.4537 2470
1695592314970 1.4417 2480
1695592315039 1.4457 2490
1695592316033 1.4457 0
1695592316052 1.4418 2500
1695592316122 1.4455 2510
1695592316190 1.4461 2520
1695592316259 1.4463 2530
1695592316328 1.4443 2540
1695592316396 1.4417 2550
1695592316465 1.4574 2560
1695592316535 1.4459 2570
1695592316601 1.4488 2580
1695592316668 1.4533 2590
1695592316736 1.4354 2600
1695592316802 1.45 2610
1695592316870 1.4371 2620
1695592316939 1.4522 2630
1695592317006 1.441 2640
1695592317072 1.4514 2650
1695592317139 1.4497 2660
1695592317208 1.4421 2670
1695592317274 1.4379 2680
1695592317340 1.4469 2690
1695592317407 1.4482 2700
1695592317474 1.4468 2710
1695592317542 1.4519 2720
1695592317610 1.4466 2730
1695592317676 1.4429 2740
1695592318687 1.4429 0
1695592318705 1.4417 2750
1695592318774 1.451 2760
1695592318843 1.4409 2770
1695592318915 1.4461 2780
1695592318983 1.4463 2790
1695592319051 1.444 2800
1695592319120 1.4501 2810
1695592319189 1.4446 2820
1695592319258 1.4514 2830
1695592319325 1.4438 2840
1695592319392 1.4391 2850
1695592319459 1.4407 2860
1695592319528 1.4469 2870
1695592319597 1.4407 2880
1695592319666 1.4467 2890
1695592319734 1.459 2900
1695592319803 1.4478 2910
1695592319873 1.4421 2920
1695592319942 1.4533 2930
1695592320009 1.4442 2940
1695592320076 1.4469 2950
1695592320142 1.4455 2960
1695592320209 1.4426 2970
1695592320276 1.4411 2980
1695592320345 1.4417 2990
1695592321347 1.4447 3000
1695592321415 1.4454 3010
1695592321482 1.4457 3020
1695592321550 1.4451 3030
1695592321617 1.4407 3040
1695592321684 1.4372 3050
1695592321751 1.444 3060
1695592321818 1.4478 3070
1695592321887 1.4456 3080
1695592321954 1.4425 3090
1695592322021 1.452 3100
1695592322089 1.4392 3110
1695592322158 1.4475 3120
1695592322228 1.4401 3130
1695592322296 1.434 3140
1695592322367 1.4425 3150
1695592322434 1.4425 3160
1695592322502 1.4448 3170
1695592322572 1.4478 3180
1695592322640 1.446 3190
1695592322708 1.4475 3200
1695592322774 1.4469 3210
1695592322842 1.4468 3220
1695592322909 1.4468 3230
1695592322977 1.4496 3240
1695592323972 1.4496 0
1695592323991 1.4491 3250
1695592324059 1.4518 3260
1695592324128 1.4405 3270
1695592324197 1.443 3280
1695592324265 1.4421 3290
1695592324333 1.4486 3300
1695592324405 1.4438 3310
1695592324473 1.4514 3320
1695592324541 1.4386 3330
1695592324609 1.4453 3340
1695592324677 1.4487 3350
1695592324746 1.4418 3360
1695592324814 1.4499 3370
1695592324884 1.4382 3380
1695592324952 1.4326 3390
1695592325020 1.4494 3400
1695592325092 1.4451 3410
1695592325160 1.447 3420
1695592325227 1.4485 3430
1695592325294 1.4388 3440
1695592325361 1.4358 3450
1695592325429 1.4469 3460
1695592325496 1.4409 3470
1695592325562 1.4506 3480
1695592325629 1.4445 3490
1695592326636 1.4445 0
1695592326655 1.4435 3500
1695592326724 1.4426 3510
1695592326791 1.4456 3520
1695592326860 1.4432 3530
1695592326927 1.4422 3540
1695592326996 1.4508 3550
1695592327064 1.4469 3560
1695592327133 1.4482 3570
1695592327200 1.446 3580
1695592327267 1.4487 3590
1695592327334 1.4474 3600
1695592327402 1.446 3610
1695592327469 1.4455 3620
1695592327538 1.4389 3630
1695592327605 1.4402 3640
1695592327672 1.446 3650
1695592327740 1.4422 3660
1695592327807 1.4468 3670
1695592327876 1.4426 3680
1695592327945 1.4438 3690
1695592328013 1.4435 3700
1695592328080 1.4483 3710
1695592328148 1.4487 3720
1695592328217 1.4444 3730
1695592328286 1.444 3740
1695592329293 1.4282 3750
1695592329361 1.4412 3760
1695592329430 1.4408 3770
1695592329498 1.4483 3780
1695592329567 1.4349 3790
1695592329636 1.4322 3800
1695592329704 1.4437 3810
1695592329771 1.4445 3820
1695592329840 1.4429 3830
1695592329908 1.447 3840
1695592329975 1.4271 3850
1695592330042 1.4465 3860
1695592330111 1.4516 3870
1695592330179 1.4433 3880
1695592330277 1.4461 3890
1695592330343 1.4446 3900
1695592330496 1.4408 3910
1695592330564 1.4444 3920
1695592330632 1.4498 3930
1695592330712 1.4525 3940
1695592330780 1.4439 3950
1695592330851 1.4487 3960
1695592330931 1.4368 3970
1695592331000 1.4529 3980
1695592331070 1.4505 3990
1695592332079 1.4505 0
1695592332100 1.4461 4000
1695592332169 1.4495 4010
1695592332238 1.4535 4020
1695592332305 1.4466 4030
1695592332372 1.4488 4040
1695592332451 1.4523 4050
1695592332517 1.4473 4060
1695592332583 1.4441 4070
1695592332650 1.4413 4080
1695592332725 1.4439 4090
1695592332792 1.4488 4100
1695592332859 1.4437 4110
1695592332943 1.4442 4120
1695592333011 1.4437 4130
1695592333078 1.4419 4140
1695592333155 1.4383 4150
1695592333222 1.4322 4160
1695592333290 1.4456 4170
1695592333366 1.4476 4180
1695592333434 1.4482 4190
1695592333502 1.443 4200
1695592333573 1.4471 4210
1695592333641 1.4421 4220
1695592333710 1.4426 4230
1695592333788 1.452 4240
1695592334810 1.4459 4250
1695592334880 1.4397 4260
1695592334953 1.4481 4270
1695592335021 1.4523 4280
1695592335091 1.4404 4290
1695592335172 1.443 4300
1695592335239 1.4478 4310
1695592335307 1.449 4320
1695592335375 1.447 4330
1695592335446 1.4335 4340
1695592335515 1.4449 4350
1695592335581 1.4402 4360
1695592335657 1.4412 4370
1695592335724 1.4451 4380
1695592335792 1.4466 4390
1695592335868 1.4436 4400
1695592335937 1.4448 4410
1695592336004 1.4333 4420
1695592336079 1.4384 4430
1695592336147 1.4448 4440
1695592336216 1.4543 4450
1695592336296 1.4362 4460
1695592336363 1.4453 4470
1695592336432 1.4449 4480
1695592336513 1.4523 4490
1695592337518 1.4523 0
1695592337539 1.4415 4500
1695592337607 1.4447 4510
1695592337690 1.4502 4520
1695592337758 1.4383 4530
1695592337824 1.4351 4540
1695592337903 1.4521 4550
1695592337970 1.4405 4560
1695592338036 1.4355 4570
1695592338120 1.4335 4580
1695592338190 1.4432 4590
1695592338259 1.4505 4600
1695592338335 1.4382 4610
1695592338404 1.4483 4620
1695592338472 1.4381 4630
1695592338546 1.4401 4640
1695592338613 1.4397 4650
1695592338680 1.4476 4660
1695592338760 1.4469 4670
1695592338828 1.4466 4680
1695592338896 1.4432 4690
1695592338971 1.4519 4700
1695592339037 1.4492 4710
1695592339104 1.4391 4720
1695592339183 1.4467 4730
1695592339251 1.4456 4740
1695592340244 1.4456 0
1695592340263 1.4559 4750
1695592340329 1.4398 4760
1695592340397 1.4515 4770
1695592340467 1.4471 4780
1695592340535 1.4436 4790
1695592340602 1.4421 4800
1695592340679 1.4402 4810
1695592340746 1.4482 4820
1695592340814 1.4433 4830
1695592340892 1.4459 4840
1695592340961 1.4455 4850
1695592341027 1.4526 4860
1695592341094 1.4423 4870
1695592341168 1.4453 4880
1695592341236 1.4412 4890
1695592341302 1.4505 4900
1695592341370 1.4438 4910
1695592341447 1.4494 4920
1695592341514 1.4358 4930
1695592341581 1.455 4940
1695592341649 1.4461 4950
1695592341725 1.4439 4960
1695592341793 1.4454 4970
1695592341861 1.4458 4980
1695592341945 1.4441 4990
1695592342957 1.4388 5000
