1695592289439 0.0 0
1695592292166 500.0 250
1695592294847 1000.0 500
1695592297490 1500.0 750
1695592300170 2000.0 1000
1695592302804 2500.0 1250
1695592305451 3000.0 1500
1695592308084 3500.0 1750
1695592310733 4000.0 2000
1695592313370 4500.0 2250
1695592316029 5000.0 2500
1695592318682 5500.0 2750
1695592321335 6000.0 3000
1695592323968 6500.0 3250
1695592326631 7000.0 3500
1695592329278 7500.0 3750
1695592332074 8000.0 4000
1695592334799 8500.0 4250
1695592337501 9000.0 4500
1695592340239 9500.0 4750
1695592342946 10000.0 5000
