1695592599817 1.6014 0
1695592599890 1.5973 10
1695592599959 1.599 20
1695592600027 1.5924 30
1695592600096 1.5852 40
1695592600166 1.5761 50
1695592600236 1.5713 60
1695592600306 1.56 70
1695592600375 1.554 80
1695592600445 1.5464 90
1695592600515 1.536 100
1695592600585 1.5274 110
1695592600655 1.5166 120
1695592600724 1.5138 130
1695592600794 1.5068 140
1695592600864 1.5011 150
1695592600933 1.4997 160
1695592601009 1.4852 170
1695592601078 1.4824 180
1695592601152 1.4815 190
1695592601221 1.4781 200
1695592601291 1.4722 210
1695592601360 1.4669 220
1695592601430 1.4658 230
1695592601500 1.4674 240
1695592602540 1.4674 0
1695592602558 1.4583 250
1695592602627 1.4619 260
1695592602695 1.4634 270
1695592602764 1.4569 280
1695592602834 1.4505 290
1695592602903 1.4534 300
1695592602978 1.4657 310
1695592603054 1.4548 320
1695592603124 1.4563 330
1695592603193 1.4509 340
1695592603263 1.4551 350
1695592603333 1.4484 360
1695592603403 1.4557 370
1695592603470 1.4463 380
1695592603537 1.4544 390
1695592603605 1.445 400
1695592603672 1.4547 410
1695592603742 1.4497 420
1695592603812 1.4495 430
1695592603879 1.4456 440
1695592603947 1.4518 450
1695592604015 1.4521 460
1695592604083 1.4503 470
1695592604154 1.457 480
1695592604225 1.4378 490
1695592605268 1.4378 0
1695592605289 1.4517 500
1695592605357 1.4532 510
1695592605424 1.4545 520
1695592605498 1.442 530
1695592605566 1.4487 540
1695592605635 1.443 550
1695592605709 1.4486 560
1695592605778 1.451 570
1695592605847 1.4458 580
1695592605916 1.4502 590
1695592605985 1.4476 600
1695592606054 1.4446 610
1695592606125 1.451 620
1695592606196 1.4507 630
1695592606266 1.4522 640
1695592606335 1.4524 650
1695592606406 1.4443 660
1695592606476 1.4439 670
1695592606546 1.4448 680
1695592606616 1.4451 690
1695592606686 1.4494 700
1695592606755 1.446 710
1695592606825 1.444 720
1695592606895 1.4481 730
1695592606965 1.451 740
1695592607980 1.451 0
1695592607998 1.443 750
1695592608071 1.4549 760
1695592608141 1.4502 770
1695592608213 1.453 780
1695592608283 1.45 790
1695592608353 1.4478 800
1695592608422 1.4492 810
1695592608492 1.4483 820
1695592608562 1.446 830
1695592608632 1.4543 840
1695592608701 1.4527 850
1695592608771 1.4515 860
1695592608840 1.4505 870
1695592608908 1.4531 880
1695592608977 1.4482 890
1695592609045 1.4506 900
1695592609115 1.4549 910
1695592609184 1.4572 920
1695592609252 1.454 930
1695592609319 1.4391 940
1695592609388 1.4489 950
1695592609457 1.4549 960
1695592609525 1.4431 970
1695592609592 1.451 980
1695592609663 1.4491 990
1695592610695 1.4491 0
1695592610719 1.4448 1000
1695592610788 1.4421 1010
1695592610859 1.4489 1020
1695592610928 1.4483 1030
1695592610996 1.4508 1040
1695592611064 1.4464 1050
1695592611135 1.4507 1060
1695592611204 1.439 1070
1695592611273 1.4522 1080
1695592611341 1.4514 1090
1695592611410 1.4417 1100
1695592611477 1.4488 1110
1695592611545 1.452 1120
1695592611612 1.4473 1130
1695592611682 1.4434 1140
1695592611751 1.4505 1150
1695592611822 1.4562 1160
1695592611893 1.446 1170
1695592611962 1.4524 1180
1695592612031 1.4529 1190
1695592612103 1.457 1200
1695592612174 1.4418 1210
1695592612245 1.4447 1220
1695592612315 1.4509 1230
1695592612387 1.4453 1240
1695592613395 1.4453 0
1695592613422 1.444 1250
1695592613489 1.4508 1260
1695592613558 1.4509 1270
1695592613626 1.4448 1280
1695592613697 1.444 1290
1695592613766 1.4392 1300
1695592613835 1.4507 1310
1695592613903 1.4593 1320
1695592613973 1.446 1330
1695592614040 1.4443 1340
1695592614109 1.4488 1350
1695592614179 1.4526 1360
1695592614253 1.4502 1370
1695592614325 1.444 1380
1695592614395 1.4343 1390
1695592614463 1.4394 1400
1695592614532 1.4489 1410
1695592614600 1.4472 1420
1695592614672 1.4519 1430
1695592614741 1.4495 1440
1695592614810 1.4537 1450
1695592614878 1.4582 1460
1695592614946 1.4415 1470
1695592615014 1.4433 1480
1695592615083 1.4514 1490
1695592616094 1.4524 1500
1695592616164 1.4498 1510
1695592616233 1.4517 1520
1695592616302 1.4515 1530
1695592616372 1.4466 1540
1695592616440 1.4454 1550
1695592616508 1.4393 1560
1695592616576 1.4459 1570
1695592616646 1.4479 1580
1695592616714 1.4594 1590
1695592616782 1.4514 1600
1695592616852 1.4483 1610
1695592616921 1.4449 1620
1695592616990 1.447 1630
1695592617058 1.4494 1640
1695592617127 1.4569 1650
1695592617195 1.4465 1660
1695592617264 1.4453 1670
1695592617334 1.4513 1680
1695592617402 1.4499 1690
1695592617470 1.4546 1700
1695592617537 1.445 1710
1695592617605 1.4453 1720
1695592617673 1.4466 1730
1695592617742 1.453 1740
1695592618781 1.453 0
1695592618802 1.4486 1750
1695592618872 1.4495 1760
1695592618941 1.4513 1770
1695592619011 1.4497 1780
1695592619081 1.4504 1790
1695592619152 1.4534 1800
1695592619222 1.4503 1810
1695592619291 1.4524 1820
1695592619362 1.4496 1830
1695592619431 1.4413 1840
1695592619499 1.4494 1850
1695592619567 1.4455 1860
1695592619634 1.4508 1870
1695592619702 1.4486 1880
1695592619770 1.4386 1890
1695592619838 1.4491 1900
1695592619906 1.4471 1910
1695592619974 1.45 1920
1695592620042 1.4538 1930
1695592620112 1.4456 1940
1695592620184 1.4467 1950
1695592620253 1.4505 1960
1695592620324 1.4534 1970
1695592620392 1.4484 1980
1695592620461 1.4476 1990
1695592621467 1.4476 0
1695592621486 1.4457 2000
1695592621558 1.4478 2010
1695592621627 1.4477 2020
1695592621698 1.44 2030
1695592621766 1.4519 2040
1695592621835 1.4453 2050
1695592621902 1.4468 2060
1695592621973 1.4433 2070
1695592622042 1.4437 2080
1695592622115 1.4498 2090
1695592622186 1.4494 2100
1695592622256 1.4517 2110
1695592622326 1.4511 2120
1695592622396 1.4526 2130
1695592622466 1.436 2140
1695592622536 1.444 2150
1695592622606 1.4488 2160
1695592622676 1.4419 2170
1695592622744 1.4482 2180
1695592622814 1.4416 2190
1695592622881 1.4452 2200
1695592622949 1.4437 2210
1695592623016 1.4534 2220
1695592623086 1.4439 2230
1695592623154 1.4506 2240
1695592624174 1.4506 0
1695592624193 1.4425 2250
1695592624262 1.4506 2260
1695592624332 1.4506 2270
1695592624402 1.4518 2280
1695592624472 1.444 2290
1695592624541 1.439 2300
1695592624612 1.4515 2310
1695592624680 1.4423 2320
1695592624750 1.4414 2330
1695592624819 1.4527 2340
1695592624892 1.4462 2350
1695592624962 1.4563 2360
1695592625032 1.4463 2370
1695592625103 1.4474 2380
1695592625174 1.4452 2390
1695592625242 1.4485 2400
1695592625311 1.4434 2410
1695592625379 1.4484 2420
1695592625452 1.4479 2430
1695592625518 1.4463 2440
1695592625592 1.4472 2450
1695592625661 1.4489 2460
1695592625738 1.4537 2470
1695592625807 1.4417 2480
1695592625878 1.4457 2490
1695592626887 1.4457 0
1695592626914 1.4418 2500
1695592626982 1.4455 2510
1695592627050 1.4461 2520
1695592627120 1.4463 2530
1695592627190 1.4443 2540
1695592627258 1.4417 2550
1695592627325 1.4574 2560
1695592627399 1.4459 2570
1695592627466 1.4488 2580
1695592627538 1.4533 2590
1695592627606 1.4354 2600
1695592627680 1.45 2610
1695592627751 1.4371 2620
1695592627825 1.4522 2630
1695592627894 1.441 2640
1695592627965 1.4514 2650
1695592628032 1.4497 2660
1695592628117 1.4421 2670
1695592628188 1.4379 2680
1695592628258 1.4469 2690
1695592628328 1.4482 2700
1695592628399 1.4468 2710
1695592628469 1.4519 2720
1695592628539 1.4466 2730
1695592628609 1.4429 2740
1695592629633 1.4429 0
1695592629652 1.4417 2750
1695592629720 1.451 2760
1695592629793 1.4409 2770
1695592629864 1.4461 2780
1695592629933 1.4463 2790
1695592630001 1.444 2800
1695592630069 1.4501 2810
1695592630140 1.4446 2820
1695592630211 1.4514 2830
1695592630280 1.4438 2840
1695592630349 1.4391 2850
1695592630418 1.4407 2860
1695592630485 1.4469 2870
1695592630555 1.4407 2880
1695592630624 1.4467 2890
1695592630691 1.459 2900
1695592630760 1.4478 2910
1695592630829 1.4421 2920
1695592630900 1.4533 2930
1695592630968 1.4442 2940
1695592631039 1.4469 2950
1695592631112 1.4455 2960
1695592631181 1.4426 2970
1695592631249 1.4411 2980
1695592631316 1.4417 2990
1695592632334 1.4447 3000
1695592632402 1.4454 3010
1695592632471 1.4457 3020
1695592632539 1.4451 3030
1695592632607 1.4407 3040
1695592632676 1.4372 3050
1695592632744 1.444 3060
1695592632812 1.4478 3070
1695592632878 1.4456 3080
1695592632949 1.4425 3090
1695592633016 1.452 3100
1695592633086 1.4392 3110
1695592633155 1.4475 3120
1695592633228 1.4401 3130
1695592633295 1.434 3140
1695592633371 1.4425 3150
1695592633439 1.4425 3160
1695592633510 1.4448 3170
1695592633579 1.4478 3180
1695592633652 1.446 3190
1695592633725 1.4475 3200
1695592633793 1.4469 3210
1695592633862 1.4468 3220
1695592633930 1.4468 3230
1695592633999 1.4496 3240
1695592635023 1.4496 0
1695592635051 1.4491 3250
1695592635121 1.4518 3260
1695592635193 1.4405 3270
1695592635261 1.443 3280
1695592635331 1.4421 3290
1695592635401 1.4486 3300
1695592635474 1.4438 3310
1695592635543 1.4514 3320
1695592635615 1.4386 3330
1695592635684 1.4453 3340
1695592635758 1.4487 3350
1695592635827 1.4418 3360
1695592635896 1.4499 3370
1695592635964 1.4382 3380
1695592636034 1.4326 3390
1695592636103 1.4494 3400
1695592636175 1.4451 3410
1695592636245 1.447 3420
1695592636315 1.4485 3430
1695592636384 1.4388 3440
1695592636456 1.4358 3450
1695592636527 1.4469 3460
1695592636596 1.4409 3470
1695592636665 1.4506 3480
1695592636737 1.4445 3490
1695592637744 1.4445 0
1695592637764 1.4435 3500
1695592637834 1.4426 3510
1695592637903 1.4456 3520
1695592637970 1.4432 3530
1695592638038 1.4422 3540
1695592638110 1.4508 3550
1695592638187 1.4469 3560
1695592638257 1.4482 3570
1695592638329 1.446 3580
1695592638399 1.4487 3590
1695592638469 1.4474 3600
1695592638540 1.446 3610
1695592638610 1.4455 3620
1695592638680 1.4389 3630
1695592638749 1.4402 3640
1695592638817 1.446 3650
1695592638889 1.4422 3660
1695592638957 1.4468 3670
1695592639027 1.4426 3680
1695592639094 1.4438 3690
1695592639167 1.4435 3700
1695592639239 1.4483 3710
1695592639308 1.4487 3720
1695592639375 1.4444 3730
1695592639451 1.444 3740
1695592640469 1.4282 3750
1695592640538 1.4412 3760
1695592640607 1.4408 3770
1695592640676 1.4483 3780
1695592640744 1.4349 3790
1695592640811 1.4322 3800
1695592640880 1.4437 3810
1695592640948 1.4445 3820
1695592641016 1.4429 3830
1695592641095 1.447 3840
1695592641164 1.4271 3850
1695592641235 1.4465 3860
1695592641303 1.4516 3870
1695592641376 1.4433 3880
1695592641445 1.4461 3890
1695592641513 1.4446 3900
1695592641581 1.4408 3910
1695592641651 1.4444 3920
1695592641719 1.4498 3930
1695592641791 1.4525 3940
1695592641861 1.4439 3950
1695592641930 1.4487 3960
1695592641998 1.4368 3970
1695592642070 1.4529 3980
1695592642141 1.4505 3990
1695592643174 1.4505 0
1695592643194 1.4461 4000
1695592643264 1.4495 4010
1695592643333 1.4535 4020
1695592643402 1.4466 4030
1695592643471 1.4488 4040
1695592643539 1.4523 4050
1695592643607 1.4473 4060
1695592643673 1.4441 4070
1695592643747 1.4413 4080
1695592643815 1.4439 4090
1695592643883 1.4488 4100
1695592643950 1.4437 4110
1695592644017 1.4442 4120
1695592644085 1.4437 4130
1695592644155 1.4419 4140
1695592644225 1.4383 4150
1695592644294 1.4322 4160
1695592644364 1.4456 4170
1695592644434 1.4476 4180
1695592644502 1.4482 4190
1695592644571 1.443 4200
1695592644638 1.4471 4210
1695592644707 1.4421 4220
1695592644777 1.4426 4230
1695592644844 1.452 4240
1695592645858 1.4459 4250
1695592645926 1.4397 4260
1695592645994 1.4481 4270
1695592646063 1.4523 4280
1695592646135 1.4404 4290
1695592646207 1.443 4300
1695592646276 1.4478 4310
1695592646345 1.449 4320
1695592646413 1.447 4330
1695592646483 1.4335 4340
1695592646550 1.4449 4350
1695592646618 1.4402 4360
1695592646686 1.4412 4370
1695592646754 1.4451 4380
1695592646822 1.4466 4390
1695592646889 1.4436 4400
1695592646956 1.4448 4410
1695592647024 1.4333 4420
1695592647091 1.4384 4430
1695592647159 1.4448 4440
1695592647231 1.4543 4450
1695592647298 1.4362 4460
1695592647366 1.4453 4470
1695592647433 1.4449 4480
1695592647503 1.4523 4490
1695592648522 1.4523 0
1695592648544 1.4415 4500
1695592648613 1.4447 4510
1695592648688 1.4502 4520
1695592648757 1.4383 4530
1695592648826 1.4351 4540
1695592648897 1.4521 4550
1695592648967 1.4405 4560
1695592649037 1.4355 4570
1695592649106 1.4335 4580
1695592649176 1.4432 4590
1695592649247 1.4505 4600
1695592649316 1.4382 4610
1695592649387 1.4483 4620
1695592649456 1.4381 4630
1695592649524 1.4401 4640
1695592649591 1.4397 4650
1695592649659 1.4476 4660
1695592649729 1.4469 4670
1695592649798 1.4466 4680
1695592649868 1.4432 4690
1695592649937 1.4519 4700
1695592650005 1.4492 4710
1695592650083 1.4391 4720
1695592650153 1.4467 4730
1695592650222 1.4456 4740
1695592651264 1.4456 0
1695592651283 1.4559 4750
1695592651352 1.4398 4760
1695592651421 1.4515 4770
1695592651488 1.4471 4780
1695592651557 1.4436 4790
1695592651625 1.4421 4800
1695592651694 1.4402 4810
1695592651764 1.4482 4820
1695592651832 1.4433 4830
1695592651903 1.4459 4840
1695592651972 1.4455 4850
1695592652042 1.4526 4860
1695592652112 1.4423 4870
1695592652182 1.4453 4880
1695592652257 1.4412 4890
1695592652327 1.4505 4900
1695592652396 1.4438 4910
1695592652465 1.4494 4920
1695592652535 1.4358 4930
1695592652604 1.455 4940
1695592652674 1.4461 4950
1695592652743 1.4439 4960
1695592652812 1.4454 4970
1695592652880 1.4458 4980
1695592652949 1.4441 4990
1695592653966 1.4388 5000
