1695592599798 0.0 0
1695592602536 500.0 250
1695592605262 1000.0 500
1695592607976 1500.0 750
1695592610691 2000.0 1000
1695592613391 2500.0 1250
1695592616082 3000.0 1500
1695592618771 3500.0 1750
1695592621462 4000.0 2000
1695592624170 4500.0 2250
1695592626882 5000.0 2500
1695592629622 5500.0 2750
1695592632322 6000.0 3000
1695592635018 6500.0 3250
1695592637737 7000.0 3500
1695592640454 7500.0 3750
1695592643163 8000.0 4000
1695592645846 8500.0 4250
1695592648518 9000.0 4500
1695592651258 9500.0 4750
1695592653955 10000.0 5000
